02031479 05100187 08040203 06060281 12111431 11080178 11021488 12111672 12060062 10001396 10040713 12110350 08041131 06001097 10030216 02120054 
10110156 08121293 12080325 07081124 10071132 00110413 00111004 12011658 02011394 08041705 00050414 11040566 12111373 06011106 08121522 10000639 
06100217 10071501 11041708 08041458 10041441 02120484 11100345 11000583 08100724 11101293 12110377 10080163 04080705 10120606 08070250 12070609 
10071203 11100129 03111155 12111033 01120511 03051011 11071173 12101531 01011268 07110676 03051003 12101642 07050098 12050025 05010048 01040254 
02120646 10120134 02111243 05010101 10021472 05120396 01120130 12021222 08110108 00121563 11121395 12111090 05110165 12060106 01071531 05101140 
10021319 11001318 12020373 06110668 06110535 11021506 08040111 10121534 12100643 10060379 11081142 07020387 02111186 04121708 08011697 10120350 
01050063 06021249 12111198 12031701 02071563 11081249 05051253 03100336 06111319 02010566 10031572 11030222 10081054 01121584 11021153 10111566 
11051360 12100122 05100513 02101542 11021546 04081031 01101409 10071728 12101608 06080104 02040477 06101408 12010570 02110403 08120362 03100092 
11071435 05111327 07111065 12111400 12081234 10041487 00101050 10061348 11070075 11060634 10060239 12010086 10080380 06120335 04101455 11100263 
12101585 08030482 11060054 04111234 10010362 04100371 11010102 03071533 10030529 02121240 12040217 10110192 01060179 12111230 11100448 06120479 
