11051382 12111654 12121527 12040501 12111276 12071619 11020570 11100566 05121688 12101682 05110127 11020157 06060722 11100621 01051478 10060213 07121571 11000481 00021248 10030644 12110313 12010270 10101619 02111207 10021702 02021091 12011701 10101685 04080325 04100212 05020301 12021665 
06020390 04080207 12050335 03071280 12100261 06111501 04111278 12100257 12100498 02030699 12051637 00080302 11061246 03121406 06111463 00071394 05121217 07100638 12020306 10051107 10061688 11001058 10041013 03121521 07071290 12000094 12010255 01100727 11070395 02031057 00111402 11010488 
12121276 10051580 05121297 11111598 03040426 11060521 11110431 12070358 06110310 11020050 05120449 12041558 06111221 10050674 05001622 10081498 10041698 07070568 08120519 10051092 12101362 08020477 10101697 01110107 10040304 01111261 03100356 11100324 11080366 04100640 10071586 07010716 
03040236 10020514 04121593 12001486 12031002 07100634 12110483 10041259 07100151 04120225 01051066 10031424 04120684 10101471 06001173 11071623 10040417 07000366 02110391 08001686 10030550 12020152 10030429 10080620 11100102 02121426 10101656 12011635 10070163 03100131 05100361 00071412 
12120480 12120027 10040690 07070397 02080401 11001011 11011164 11020711 04100617 12121162 10070094 04061445 02120024 06121287 00100113 10001680 11051457 10030273 10050128 10101174 00021236 11111574 12101233 10070166 12100473 11100501 03010454 06050459 10101644 11081605 04070723 11100654 
12040423 11110308 11100046 12040670 06120109 11111012 02111469 10100116 00120342 03110465 00051151 06041728 08100420 12041171 11020277 00110051 05080244 12101087 04011202 06100084 11081188 08070009 12121530 10101344 12080372 08020266 00101332 11110353 12111667 12020607 00121194 08121659 
12111256 01031260 08111331 01010528 10001560 00071285 04021222 02111670 05081107 10060670 11050390 12070506 12121266 05031408 04111651 02061581 10030568 12040282 08101691 11110125 00121316 12081260 06120302 07100151 11000035 12080481 11110172 10020720 01110622 06021025 12030417 07121294 
07120001 06110596 12121416 12041568 00120351 10081155 01000192 10030351 11071218 02031621 11050003 01101368 05100650 10020189 11111337 00030685 10050175 10041686 10051089 12111476 03011061 07021633 02121349 10071454 12080184 10071345 06000698 10040676 07040671 05110080 07120031 10011174 
12080077 08101329 12001070 12041573 01021254 05100352 11100284 12021189 11100686 04121212 12111434 10000432 03030327 05101523 07110471 11010095 12101265 11050551 12021536 02070676 11050122 11081276 07000321 04111401 10010542 00110527 11100226 04051106 03011614 11070249 12080277 11010149 
00120624 03111226 10100372 05111217 07110492 12111188 05060469 11020071 04111440 03011510 11101227 06000098 12001151 12071169 01041721 08120353 01000243 12081447 03120576 11000371 06110240 07101382 01110235 10030246 10101394 11110297 05110168 10070199 05020071 11111053 11111328 05060683 
