12051422 01100055 06011262 11080473 12081467 01100270 11101554 10071613 11101044 01010337 11061392 12061321 11101510 08100622 08071246 11111571 10100277 01040369 04101657 03120131 07050207 10070404 10001002 04030242 00111559 04060280 10020496 01100682 01101487 05070517 07070460 10100193 
10060379 10040176 12010174 00101251 12011581 04030246 10101119 08100441 10101377 04100612 11100272 11010276 04110562 12120427 12061452 11021413 01111110 10070379 11001692 02081395 08120002 06100579 06030716 11030106 00111213 04121199 11111472 10040469 00061021 00101348 12060659 11111544 
00030645 10060453 06081235 10041215 11080044 10021360 01121433 02121637 05010414 05051254 12031709 07121270 02101712 02111609 06101209 07110049 10101341 07070662 10061576 00101485 00110342 10101038 02120044 00051710 04121171 05100091 11050415 10040200 11080183 10000552 06120044 10060196 
00111708 07121287 03101454 11100019 08030528 11040235 10101565 01061523 10021354 11071556 10080400 10100100 04060249 08081552 11101068 00050233 07001679 10011510 10081210 01070251 12120198 10101320 12111097 06041073 10021164 12041515 12111358 06001263 07061113 12071700 12110432 08110497 
10061521 11011375 12120107 04101126 05040332 10030234 12011457 06100407 11001625 01010472 11050046 10100718 02101310 02110415 12111136 11100328 10011240 06120255 11101453 10040163 10100045 10101338 12110427 10100385 05120175 12110034 02010323 10050293 03121142 12010050 10030039 02000025 
12021624 12061491 00020391 03101595 02111142 11021329 10051178 03071589 02061646 12110677 11041087 04030027 03120343 07070120 12110264 11051287 01081089 12100640 11031457 10050589 06060031 12111717 08121280 00110391 10050186 10030455 11040239 01051643 11051032 12050572 02120334 07121616 
10000557 04050094 11031219 10051131 06100492 07120427 11100141 02100064 12111497 11110657 10101630 11071538 06111334 12030359 03110193 02121199 03100346 10101166 10040159 02081228 12050408 04121423 04120120 12030123 11000564 12070674 12070003 08061177 11101026 05121228 08120252 02031714 
05120472 00120077 04100711 11031476 04100174 10100640 10000051 05030556 12100655 00100003 02020349 12030411 00100346 12071405 10060721 08000358 08011403 11101049 02020247 10031395 08000095 07110379 05031055 12080631 10100278 12041508 06100280 08110634 12030018 10100536 12100314 08101161 
02121648 08111319 12030251 05000715 11100600 01081554 11100268 03041644 12020523 01070497 06010256 00111228 02030581 02121246 03111238 12110315 03110569 10081025 10101438 10010387 11040116 10011053 03070075 01100427 10021093 02070256 12080445 05011604 11071536 12061340 03120711 11080338 
11100011 11011018 08101044 04070423 04021441 12121437 06030058 05111004 10101043 04060663 11020245 12021623 08020406 10031344 00021708 08031636 10101178 11081456 11000034 11081105 05101390 08121143 02100129 03120542 07061361 05110603 12100105 05110428 03101585 10050554 08111544 03111444 
