10051272 11071459 10121605 11121696 12050247 06120373 02101177 10060252 04050432 01101009 10081094 07011256 08001190 11041440 12051643 10111538 02050148 12071268 05101375 10061262 01110406 10040359 02111170 12080308 08001101 04111122 11120476 11021360 08120205 05001098 10111536 12010413 
06121644 08070095 12080185 10121432 01100151 07121313 03041382 11070115 04051089 10121134 02011231 12030421 11040565 07121191 05100118 05081351 12041081 10070439 04051217 12000336 12021078 03121287 11121261 12050295 10031564 11030543 10041581 08101423 12010431 06000050 11051345 08070307 
04121641 03051328 10111251 08121427 01101085 07111432 12001472 03101405 10110064 10121043 12041141 05010362 02111683 04081450 10020309 11001028 08101687 12070140 05110615 12051194 10121335 07101729 00000075 01121213 12031674 12001006 07070329 11050079 02110403 04010062 12061363 06101309 
04111383 11010707 11120540 07100411 12051180 03001261 10060193 07111379 12021684 03011630 03060137 11050038 04010200 12060224 12041060 06051013 11080160 04110486 12061540 02101245 10050162 11030257 04121519 11120558 04110642 04081105 05051274 10070021 12000086 10031204 10050069 03101229 
11120123 12030173 00110269 06001175 10071209 06060287 12080084 12000265 04070573 00121494 02121653 04110694 12000256 10000144 01041384 10111027 12071215 05061686 05121635 00011499 06050728 10110505 02011628 12011399 12051246 10110691 08050521 08001644 10071310 06120010 07110658 11121684 
11050308 11081133 01011509 10011243 12011161 01010416 12030133 02001002 12030416 10120541 10050084 02060290 12031689 02020507 04000185 05121486 07060064 06001639 00111088 12030119 12030307 08021214 05110237 11081053 10001665 08101311 02020681 00001006 10120424 04061079 11031026 08100203 
04111342 00071446 03030495 00001045 06001211 06110398 01101649 11031418 01071419 04031077 10031040 11121124 03101368 07120343 11000479 00100133 12040455 03031483 11120489 12061529 12080706 06060286 10080681 07010640 07101101 12080721 05080399 02030593 08030513 07041399 02001280 06031264 
12001658 12081458 10120656 08101070 11000676 10121654 03051074 10081109 04100077 03101038 01000204 11021349 06101380 02040422 11070154 06080719 11040445 10111677 03120328 11080289 06030233 12051380 04121099 10031086 00051301 06121349 07051672 11120499 02100327 02020043 11061307 10031160 
11120680 02041125 12051314 11120525 01010183 03031301 10120253 03050214 10120650 10031411 01070452 11061145 10001211 10111440 10110511 10041265 12051002 06010723 02110366 12021332 12030620 10031189 10120106 05051528 12051319 11041512 01031369 08011121 12021004 01031101 11081402 12030097 
05111272 10120688 06050300 01010211 08111399 01110584 10041441 08110051 11031348 08030446 12010510 02111323 12080119 06120348 10061380 11121339 00031201 01081236 10110388 11060205 12081403 05041628 10071515 10111018 11030574 01081695 10020420 10111095 02040079 03110121 01040018 08001376 
