15081091 14171365 04161117 15051374 06071132 06120704 17060150 12050151 16041425 06120502 06130370 18000693 11060571 07170627 10170425 05160365 18080718 10121518 12031355 16010438 00040004 10111568 06121019 07131703 06020004 08051053 15160371 16050440 16020239 11081112 13040511 04140506 
17071274 03080585 03061174 08000324 19050022 16031242 15011702 19051089 13030565 02070255 00191608 10060389 01180309 13151562 01181715 14011466 08120146 03101676 11021660 18061086 14151461 19010017 16050093 04110355 17040318 11031662 11041277 03150585 15070563 10071442 16051562 18060642 
18071612 13151346 10041389 03071069 14021330 16020089 01180414 08061571 14061138 05131532 15020219 05041027 10161341 11051647 07050416 17180482 10181103 11061318 18020274 08101257 02140543 17040091 10030689 13040675 17180105 04080676 01120244 05150592 11170715 05171541 16061387 05131512 
08081658 03170276 01170379 00141088 11051120 05191683 10131315 12151431 16060452 07121512 19001127 00181313 04190218 03170272 00111584 05160376 10171693 05100087 00000177 16020550 07071026 06041565 06110493 17191513 17061432 19031416 08131542 05101346 10181496 07190087 16040722 02070606 
02150264 13140483 08100592 10030515 01100089 18190253 15000259 00111026 16030686 01031376 05110107 12030663 05020601 02120479 08040220 01001336 15191080 16030161 00110182 18011371 04161147 18020336 08020441 06151006 16181464 16010587 04051425 16010268 08041319 11030526 04150311 10110023 
03051262 02140175 15041049 16061399 06111566 08171445 11161006 01130417 04181509 07101084 15001238 07120299 07031193 13020013 05050606 12051625 19031372 06071712 15010727 10150488 02061310 11040707 10191266 07141599 01100321 02011556 14191381 05030583 19081587 06110129 11031544 14071312 
02131260 05000055 00060384 10010711 00041439 19000627 13160205 11181054 12000362 13180202 04050345 00190285 08031634 04081676 16041155 00131683 16030100 16030679 02011322 06171208 16170387 14161608 02000677 17000274 15011296 18190629 12041329 00040480 06121721 16190190 19000114 16020102 
16021584 17180576 18041001 18001323 01050558 02071312 10181064 04141632 02150532 13031647 02100582 12020495 06190010 08070112 02031569 08181421 17180301 16031331 18061009 16170390 04070271 12080307 03110488 02080459 15000144 19050112 07060702 18041373 19060499 03021248 12061579 05191056 
11060078 03180042 00191159 14000713 14020331 14071628 10181699 00151537 13050061 05061336 14181235 08081189 00030158 05001173 19061693 13051374 17080613 19030603 12161374 08060706 13010320 03051130 14190580 01101603 16181225 18050295 08060134 18070651 19041071 04060195 13061107 18021177 
14030186 19001187 18030673 02021661 14150485 12191321 17061728 01110658 13041223 08161315 04070232 03191107 13150172 12000723 14050369 06081660 03190690 13151559 03181396 05141064 17060332 14010492 06141287 06031029 11020365 03030166 19071673 03100446 07101282 14161126 15170432 11151713 
